event	twitter_id	news	question	advertisement	opinion	quote	sarcasm	explicit	lang	error
24 Hours of Le Mans	744065054232973312	0	0	0	0	0	0	0	0	0
24 Hours of Le Mans	744130691026325505	0	0	0	0	0	0	0	0	0
24 Hours of Le Mans	744145930283286528	0	0	0	0	0	0	0	0	0
24 Hours of Le Mans	744147575616471040	1	0	0	0	0	0	0	0	0
24 Hours of Le Mans	744152740566286336	0	0	0	1	0	0	0	0	0
24 Hours of Le Mans	744152879066419200	0	0	0	1	0	0	0	0	0
24 Hours of Le Mans	744153309481734144	0	0	0	0	0	0	0	0	0
24 Hours of Le Mans	744157999661453314	0	0	0	0	0	0	0	0	0
24 Hours of Le Mans	744164709222465536	1	0	0	1	0	0	0	0	0
24 Hours of Le Mans	744165185456308225	1	0	0	1	0	0	0	0	0
24 Hours of Le Mans	744165740773769216	0	0	0	0	0	0	0	0	0
24 Hours of Le Mans	744165845132259329	0	0	0	1	0	0	0	0	0
24 Hours of Le Mans	744165990607560704	0	0	0	1	0	0	0	0	0
24 Hours of Le Mans	744178815027515392	0	0	0	1	0	0	0	0	0
24 Hours of Le Mans	744186407602819073	0	0	0	1	0	0	0	0	0
24 Hours of Le Mans	744243370696970240	1	0	0	0	0	0	0	0	0
24 Hours of Le Mans	744269990308642816	0	0	0	0	0	0	0	0	0
24 Hours of Le Mans	744281150932279296	0	0	0	1	0	0	0	0	0
24 Hours of Le Mans	744281252300099584	0	0	0	1	0	0	0	0	0
24 Hours of Le Mans	744289362075095040	1	0	0	0	0	0	0	0	0
24 Hours of Le Mans	744296178938941440	1	0	0	0	1	0	0	0	0
24 Hours of Le Mans	744296353262637056	0	0	1	0	0	0	0	0	0
24 Hours of Le Mans	744308115642908672	0	0	0	0	0	0	0	0	0
24 Hours of Le Mans	744333882376454144	1	0	0	0	0	0	0	0	0
24 Hours of Le Mans	744333914722865152	0	0	0	0	0	0	0	0	0
24 Hours of Le Mans	744391377312616449	0	0	0	0	0	0	0	0	0
24 Hours of Le Mans	744400708187885568	1	1	0	0	0	0	0	0	0
24 Hours of Le Mans	744400734674890753	0	0	0	0	0	0	0	0	0
24 Hours of Le Mans	744454884896968704	0	0	0	1	0	0	0	0	0
24 Hours of Le Mans	744461664947339264	1	0	0	1	0	0	0	0	0
24 Hours of Le Mans	744461682903224320	0	0	0	0	0	0	0	0	0
24 Hours of Le Mans	744469919329296384	0	0	0	0	0	0	0	0	0
24 Hours of Le Mans	744484977694343168	0	0	1	0	0	0	0	0	0
24 Hours of Le Mans	744500179731161089	1	0	0	0	0	0	0	0	0
24 Hours of Le Mans	744507678102290432	0	0	0	1	0	0	0	0	0
24 Hours of Le Mans	744507760956551168	0	0	0	0	0	0	0	0	0
24 Hours of Le Mans	744509830073749504	0	0	0	1	0	0	0	0	0
24 Hours of Le Mans	744509869298855936	1	0	0	0	0	0	0	0	0
24 Hours of Le Mans	744509909669142528	1	0	0	0	0	0	0	0	0
24 Hours of Le Mans	744511054005305344	0	0	1	0	0	0	0	0	0
24 Hours of Le Mans	744511273052811264	1	0	0	0	0	0	0	0	0
24 Hours of Le Mans	744512520128454656	0	0	0	0	0	0	0	0	0
24 Hours of Le Mans	744513596818919424	0	0	0	0	0	0	0	0	0
24 Hours of Le Mans	744513714381029378	1	0	0	0	0	0	0	0	0
24 Hours of Le Mans	744513949283008512	1	0	0	0	0	0	0	0	0
24 Hours of Le Mans	744513999279169537	1	0	0	1	0	0	0	0	0
24 Hours of Le Mans	744514017113292800	1	0	0	1	0	0	0	0	0
24 Hours of Le Mans	744514354826051584	0	0	0	0	0	0	0	0	0
24 Hours of Le Mans	744514476049850368	1	0	0	1	0	0	0	0	0
24 Hours of Le Mans	744514759022743552	1	0	0	1	0	0	0	0	0
24 Hours of Le Mans	744515246862245888	0	0	1	0	0	0	0	0	0
24 Hours of Le Mans	744515276021075968	1	0	0	1	0	0	0	0	0
24 Hours of Le Mans	744515465326764032	1	0	0	0	0	0	0	0	0
24 Hours of Le Mans	744515628174712833	0	0	0	1	0	0	0	0	0
24 Hours of Le Mans	744515738883481600	1	0	0	1	0	0	0	0	0
24 Hours of Le Mans	744515750342365184	0	0	0	1	0	0	0	0	0
24 Hours of Le Mans	744516170754162688	1	0	0	0	0	0	0	0	0
24 Hours of Le Mans	744516366129045504	1	0	0	0	0	0	0	0	0
24 Hours of Le Mans	744517448930594817	0	0	0	1	0	0	0	0	0
24 Hours of Le Mans	744519202887901184	0	0	0	0	0	0	0	0	0
24 Hours of Le Mans	744519224173813760	0	0	0	1	0	0	0	0	0
24 Hours of Le Mans	744519263088607232	1	0	0	0	0	0	0	0	0
24 Hours of Le Mans	744520093497987072	0	0	0	0	0	0	0	0	0
24 Hours of Le Mans	744520426647355392	1	0	0	1	0	0	0	0	0
24 Hours of Le Mans	744520873814667264	0	0	0	0	0	0	0	0	0
24 Hours of Le Mans	744522950305583104	0	0	0	1	0	0	0	0	0
24 Hours of Le Mans	744524071476436992	0	0	0	1	0	0	0	0	0
24 Hours of Le Mans	744524120994373634	1	0	0	0	0	0	0	0	0
24 Hours of Le Mans	744525059730055169	0	0	0	0	0	0	0	0	0
24 Hours of Le Mans	744525076872179712	1	0	0	0	0	0	0	0	0
24 Hours of Le Mans	744526104854151168	0	0	0	1	0	0	0	0	0
24 Hours of Le Mans	744526723245576192	1	0	0	1	0	0	0	0	0
24 Hours of Le Mans	744529887784931328	1	0	0	0	0	0	0	0	0
24 Hours of Le Mans	744533485021454336	1	0	0	1	0	0	0	0	0
24 Hours of Le Mans	744538805009547264	0	0	0	1	0	0	0	0	0
24 Hours of Le Mans	744555341896101889	0	0	0	1	0	0	0	0	0
24 Hours of Le Mans	744572580380696576	0	0	0	1	0	0	0	0	0
24 Hours of Le Mans	744580750608113668	1	0	0	1	0	0	0	0	0
Apple Worldwide Developer Conference	742153349496086528	0	0	0	1	0	0	0	0	0
Apple Worldwide Developer Conference	742342446575554561	0	0	0	1	0	0	0	0	0
Apple Worldwide Developer Conference	742347916849750016	1	0	0	1	0	0	0	0	0
Apple Worldwide Developer Conference	742373728902733824	0	0	0	1	0	0	0	0	0
Apple Worldwide Developer Conference	742385712155099136	0	0	0	0	0	0	0	0	0
Apple Worldwide Developer Conference	742400417808551936	0	0	0	1	0	0	0	0	0
Apple Worldwide Developer Conference	742400526017388544	1	0	1	0	0	0	0	0	0
Apple Worldwide Developer Conference	742401225270910976	1	0	0	1	0	0	0	0	0
Apple Worldwide Developer Conference	742401272859492352	0	0	1	0	0	0	0	0	0
Apple Worldwide Developer Conference	742401900406935552	1	0	0	0	0	0	0	0	0
Apple Worldwide Developer Conference	742402677364002816	0	0	0	0	0	0	0	0	0
Apple Worldwide Developer Conference	742402781710012416	0	0	0	1	0	0	0	0	0
Apple Worldwide Developer Conference	742403553201815552	0	0	0	0	0	0	0	0	0
Apple Worldwide Developer Conference	742403597711867904	0	0	0	0	0	0	0	0	0
Apple Worldwide Developer Conference	742404059101986816	1	0	1	0	0	0	0	0	0
Apple Worldwide Developer Conference	742404158867673089	0	0	1	0	0	0	0	0	0
Apple Worldwide Developer Conference	742404468222758914	0	0	1	0	0	0	0	0	0
Apple Worldwide Developer Conference	742404504541384704	0	0	0	1	0	0	0	0	0
Apple Worldwide Developer Conference	742405867576819712	0	0	1	0	0	0	0	0	0
Apple Worldwide Developer Conference	742406004739059712	0	0	0	0	0	0	0	0	0
Apple Worldwide Developer Conference	742407246844289025	0	0	0	1	0	0	0	0	0
Apple Worldwide Developer Conference	742408403784499200	0	0	0	0	0	0	0	0	0
Apple Worldwide Developer Conference	742409855357583361	1	0	0	0	0	0	0	0	0
Apple Worldwide Developer Conference	742410275425374208	1	0	0	0	0	0	0	0	0
Apple Worldwide Developer Conference	742410294891188224	0	0	0	1	0	0	0	0	0
Apple Worldwide Developer Conference	742410354618183680	0	0	0	1	0	0	0	0	0
Apple Worldwide Developer Conference	742410505608826880	1	0	0	0	0	0	0	0	0
Apple Worldwide Developer Conference	742410600484065284	0	0	0	0	0	0	0	0	0
Apple Worldwide Developer Conference	742411051438878721	1	0	0	1	0	0	0	0	0
Apple Worldwide Developer Conference	742411063971348480	1	0	1	0	0	0	0	0	0
Apple Worldwide Developer Conference	742412134751993857	1	0	1	0	0	0	0	0	0
Apple Worldwide Developer Conference	742412517666783232	0	0	0	0	0	0	0	0	0
Apple Worldwide Developer Conference	742412668557004800	1	0	0	1	0	0	0	0	0
Apple Worldwide Developer Conference	742412700496465921	0	0	0	1	0	0	0	0	0
Apple Worldwide Developer Conference	742413751815540737	0	0	0	0	0	0	0	0	0
Apple Worldwide Developer Conference	742413780697513985	0	0	0	0	0	0	0	0	0
Apple Worldwide Developer Conference	742413919797403649	0	0	0	1	0	0	0	0	0
Apple Worldwide Developer Conference	742414128782974976	0	0	0	0	0	0	0	0	0
Apple Worldwide Developer Conference	742414194193145856	0	0	1	0	0	0	0	0	0
Apple Worldwide Developer Conference	742414214698917888	0	0	0	0	0	0	0	0	0
Apple Worldwide Developer Conference	742415084190859264	1	0	0	0	0	0	0	0	0
Apple Worldwide Developer Conference	742415354245349377	0	0	0	1	0	0	0	0	0
Apple Worldwide Developer Conference	742415356908670977	1	0	1	0	0	0	0	0	0
Apple Worldwide Developer Conference	742415439389564928	1	0	0	1	0	0	0	0	0
Apple Worldwide Developer Conference	742419012924116992	0	0	0	1	0	0	0	0	0
Apple Worldwide Developer Conference	742419022658953216	1	0	0	0	0	0	0	0	0
Apple Worldwide Developer Conference	742419619239976960	0	0	0	0	0	0	0	0	0
Apple Worldwide Developer Conference	742419694741639168	1	0	0	1	0	0	0	0	0
Apple Worldwide Developer Conference	742419747262758912	0	0	0	1	0	0	0	0	0
Apple Worldwide Developer Conference	742420135248572418	0	0	0	1	0	0	0	0	0
Apple Worldwide Developer Conference	742422509027364865	1	0	0	0	0	0	0	0	0
Apple Worldwide Developer Conference	742422525288714240	0	0	0	0	0	0	0	0	0
Apple Worldwide Developer Conference	742423066119147520	0	0	0	1	0	0	0	0	0
Apple Worldwide Developer Conference	742423082854277120	0	0	0	1	0	0	0	0	0
Apple Worldwide Developer Conference	742423089275936768	0	0	0	0	0	0	0	0	0
Apple Worldwide Developer Conference	742423169131155457	1	0	1	0	0	0	0	0	0
Apple Worldwide Developer Conference	742423525126987777	0	0	0	1	0	0	0	0	0
Apple Worldwide Developer Conference	742423856334405632	1	0	0	0	0	0	0	0	0
Apple Worldwide Developer Conference	742424222199218176	0	0	1	0	0	0	0	0	0
Apple Worldwide Developer Conference	742425130534637569	0	0	0	1	0	0	0	0	0
Apple Worldwide Developer Conference	742425313834086405	0	0	0	0	0	0	0	0	0
Apple Worldwide Developer Conference	742425328404992000	1	0	1	0	0	0	0	0	0
Apple Worldwide Developer Conference	742425370335444992	0	0	0	0	0	0	0	0	0
Apple Worldwide Developer Conference	742430391659683840	0	0	0	0	0	0	0	0	0
Apple Worldwide Developer Conference	742431945292812288	1	0	0	0	0	0	0	0	0
Apple Worldwide Developer Conference	742432327289049088	0	0	0	1	0	0	0	0	0
Apple Worldwide Developer Conference	742435419309105152	0	0	0	0	0	0	0	0	0
Apple Worldwide Developer Conference	742436383109877761	0	0	1	0	0	0	0	0	0
Apple Worldwide Developer Conference	742436567998828545	0	0	1	0	0	0	0	0	0
Apple Worldwide Developer Conference	742437600401625089	1	0	0	0	0	0	0	0	0
Apple Worldwide Developer Conference	742438005311438848	0	0	0	0	0	0	0	0	1
Apple Worldwide Developer Conference	742440629645512705	1	0	0	0	0	0	0	0	0
Apple Worldwide Developer Conference	742463157248090113	0	0	0	0	0	0	0	0	0
French Open Finals	739089847500034052	1	0	0	0	0	0	0	0	0
French Open Finals	739093550017720321	1	0	0	0	0	0	0	0	0
French Open Finals	739096600954294272	0	0	1	1	0	0	0	0	0
French Open Finals	739098364621422592	1	0	0	0	1	0	0	0	0
French Open Finals	739098399228715010	1	0	0	0	0	0	0	0	0
French Open Finals	739098550085292032	1	0	0	0	0	0	0	0	0
French Open Finals	739101857205784577	0	0	0	1	0	0	0	0	0
French Open Finals	739102958730813440	0	0	0	1	0	0	0	0	0
French Open Finals	739106732127846402	0	0	0	1	0	0	0	0	0
French Open Finals	739106917130375168	1	0	0	0	0	0	0	0	0
French Open Finals	739109267190517761	0	0	0	0	0	0	0	0	0
French Open Finals	739109329438150656	1	0	0	0	0	0	0	0	0
French Open Finals	739109396395888640	0	0	0	0	0	0	0	0	0
French Open Finals	739110228260704258	0	0	0	0	0	0	0	0	0
French Open Finals	739110362105139200	1	0	0	0	0	0	0	0	0
French Open Finals	739110762933833728	1	0	0	0	0	0	0	0	0
French Open Finals	739111516302114816	1	0	0	1	0	0	0	0	0
French Open Finals	739114531700539392	0	0	0	0	0	0	0	0	0
French Open Finals	739114733207330816	1	0	0	0	0	0	0	0	0
French Open Finals	739148223416307714	1	0	0	0	0	0	0	0	0
French Open Finals	739150142192914432	1	0	0	1	0	0	0	0	0
French Open Finals	739163412303732736	1	0	0	0	0	0	0	0	0
French Open Finals	739234060485197825	1	0	0	0	1	0	0	0	0
French Open Finals	739390356261883905	0	0	0	1	0	0	0	0	0
French Open Finals	739441157663555585	0	0	0	0	0	0	0	0	0
French Open Finals	739442485135433729	0	0	0	1	0	0	0	0	0
French Open Finals	739442521214988288	0	0	0	0	0	0	0	0	0
French Open Finals	739442595252871168	0	0	0	0	0	0	0	0	0
French Open Finals	739446250609725440	0	0	0	0	0	0	0	0	0
French Open Finals	739446355320541184	0	0	0	0	0	0	0	0	0
French Open Finals	739447525464281088	0	0	0	0	0	0	0	0	0
French Open Finals	739447619613786112	0	0	0	1	0	0	0	0	0
French Open Finals	739449383025004544	0	0	0	1	0	0	0	0	0
French Open Finals	739449386908934144	1	0	0	1	0	0	0	0	0
French Open Finals	739449419268038656	0	0	0	0	0	0	0	0	0
French Open Finals	739450329092087808	0	0	0	0	0	0	0	0	0
French Open Finals	739450386654728193	0	0	0	1	0	0	0	0	0
French Open Finals	739455841808584704	0	0	0	1	0	0	0	0	0
French Open Finals	739456755436949504	1	0	0	0	0	0	0	0	0
French Open Finals	739456761267167232	1	0	0	0	0	0	0	0	0
French Open Finals	739458444978049026	0	0	0	1	0	0	0	0	0
French Open Finals	739460373506449408	0	0	1	0	0	0	0	0	0
French Open Finals	739460437251641344	1	0	0	0	0	0	0	0	0
French Open Finals	739465035857154048	1	0	0	1	0	0	0	0	0
French Open Finals	739465798880727042	0	0	0	0	0	0	0	0	0
French Open Finals	739477553233186816	1	0	0	0	0	0	0	0	0
French Open Finals	739477708267237376	1	0	0	0	0	0	0	0	0
French Open Finals	739482533679792128	0	0	0	1	0	0	0	0	0
French Open Finals	739487066283708416	0	0	0	1	0	0	0	0	0
French Open Finals	739488212284899328	1	0	0	1	0	0	0	0	0
French Open Finals	739488240034422784	0	0	1	0	0	0	0	0	0
French Open Finals	739489532345733120	1	0	0	0	0	0	0	0	0
French Open Finals	739489564323110912	1	0	0	0	0	0	0	0	0
French Open Finals	739490639549587456	0	0	0	1	0	0	0	0	0
French Open Finals	739490655609589760	0	0	0	0	0	0	0	0	0
French Open Finals	739491418562023424	1	0	0	0	0	0	0	0	0
French Open Finals	739491440464670720	0	0	0	0	0	0	0	0	0
French Open Finals	739491468369350656	1	0	0	1	0	0	0	0	0
French Open Finals	739491501198184449	1	0	0	0	0	0	0	0	0
French Open Finals	739491536405200896	1	0	0	1	0	0	0	0	0
French Open Finals	739491577412915200	0	0	0	0	0	0	0	0	0
French Open Finals	739491857600778241	0	0	0	1	0	0	0	0	0
French Open Finals	739495340030742530	0	0	0	1	0	0	0	0	0
French Open Finals	739495836485341184	0	0	1	0	0	0	0	0	0
French Open Finals	739498977536692226	1	0	0	1	0	0	0	0	0
French Open Finals	739499692262850560	0	0	0	1	0	0	0	0	0
French Open Finals	739501919811600385	1	0	0	0	0	0	0	0	0
French Open Finals	739503826114367488	0	0	0	1	0	0	0	0	0
French Open Finals	739506066975756288	0	0	0	0	0	0	0	0	0
French Open Finals	739507451758809089	0	0	0	0	0	0	0	0	0
French Open Finals	739525940884078596	0	0	0	1	0	0	0	0	0
French Open Finals	739536699374604288	1	0	0	0	1	0	0	0	0
French Open Finals	739539830581796865	1	0	0	0	0	0	0	0	0
Google I/O	732728884571996161	1	0	0	0	0	0	0	0	0
Google I/O	732970953446023168	0	0	0	0	0	0	0	0	0
Google I/O	732972579414147074	0	0	0	0	0	0	0	0	0
Google I/O	732975318642917377	1	0	0	0	0	0	0	0	0
Google I/O	732975533374472192	0	0	0	0	0	0	0	0	0
Google I/O	732975556229206016	1	0	0	0	0	0	0	0	0
Google I/O	732975718150213634	1	0	0	0	0	0	0	0	0
Google I/O	732975841928314880	0	0	0	1	0	0	0	0	0
Google I/O	732979590184980481	0	0	1	0	0	0	0	0	0
Google I/O	732980432791179264	1	0	0	0	0	0	0	0	0
Google I/O	732980578962812928	1	0	1	0	0	0	0	0	0
Google I/O	732981249703313408	0	0	0	0	1	0	0	0	0
Google I/O	732981883961782274	0	0	0	1	0	0	0	0	0
Google I/O	732982032813465600	0	0	0	1	0	0	0	0	0
Google I/O	732982233087283200	1	0	0	0	1	0	0	0	0
Google I/O	732982713972621312	0	0	0	0	0	0	0	0	0
Google I/O	732983495262232576	0	0	0	1	0	0	0	0	0
Google I/O	732983585976655874	0	0	0	0	0	0	0	0	0
Google I/O	732983871730409473	0	0	0	1	0	0	0	0	0
Google I/O	732983948050059264	0	0	0	0	0	0	0	0	0
Google I/O	732984210596630528	1	0	0	0	0	0	0	0	0
Google I/O	732984268410998785	0	0	1	0	0	0	0	0	0
Google I/O	732986593863204864	1	0	0	1	0	0	0	0	0
Google I/O	732987528471515136	0	0	1	0	0	0	0	0	0
Google I/O	732987821464555520	1	0	0	0	0	0	0	0	0
Google I/O	732988343441461248	0	0	1	0	0	0	0	0	0
Google I/O	732988622878715904	0	0	0	0	0	0	0	0	0
Google I/O	732988813216124929	0	0	0	0	0	0	0	0	0
Google I/O	732988912948379648	0	0	1	0	0	0	0	0	0
Google I/O	732989665117102081	0	0	0	0	0	0	0	0	0
Google I/O	732989688022081536	0	0	1	1	0	0	0	0	0
Google I/O	732990914516254722	0	0	0	0	0	0	0	0	0
Google I/O	732991032938352642	0	0	1	0	0	0	0	0	0
Google I/O	732991529715912705	1	0	1	0	0	0	0	0	0
Google I/O	732991965902438404	0	0	0	1	0	0	0	0	0
Google I/O	732992040242315264	0	0	0	0	0	0	0	0	0
Google I/O	732992623804317696	0	0	1	0	0	0	0	0	0
Google I/O	732993033994706944	0	0	1	0	0	0	0	0	0
Google I/O	732993153100316672	0	0	0	0	0	0	0	0	0
Google I/O	732993984113610752	0	0	1	0	0	0	0	0	0
Google I/O	732995892609961985	0	0	0	1	0	0	0	0	0
Google I/O	732996233573195777	0	0	1	0	0	0	0	0	0
Google I/O	732996399969755136	0	0	1	0	0	0	0	0	0
Google I/O	732996479569285120	1	0	1	0	0	0	0	0	0
Google I/O	732996507851497472	0	0	1	0	0	0	0	0	0
Google I/O	732996980457111553	0	0	1	0	0	0	0	0	0
Google I/O	732997554737152000	0	0	1	0	0	0	0	0	0
Google I/O	732997701290229760	1	0	0	0	0	0	0	0	0
Google I/O	732998759911591937	1	0	0	1	0	0	0	0	0
Google I/O	732998796142120961	0	0	0	0	0	0	0	0	0
Google I/O	732999129803132928	0	0	1	0	0	0	0	0	0
Google I/O	732999475615010816	0	0	0	0	0	0	0	0	0
Google I/O	732999549170647040	0	0	1	0	0	0	0	0	0
Google I/O	733000170581938176	1	0	0	0	0	0	0	0	0
Google I/O	733000171760418816	0	0	0	1	0	0	0	0	0
Google I/O	733000210734055427	0	0	0	0	0	0	0	0	0
Google I/O	733000948306444288	0	0	0	0	0	0	0	0	0
Google I/O	733003781458157568	0	0	0	0	0	0	0	0	0
Google I/O	733003846323167233	0	0	0	1	0	0	0	0	0
Google I/O	733004357420081152	0	0	1	0	0	0	0	0	0
Google I/O	733004450131025921	0	0	0	0	0	0	0	0	0
Google I/O	733005524074147840	0	0	0	1	0	0	0	0	0
Google I/O	733005676847497218	1	0	0	0	0	0	0	0	0
Google I/O	733006495995006978	1	0	1	0	0	0	0	0	0
Google I/O	733006535195000832	1	0	0	0	0	0	0	0	0
Google I/O	733008374233726976	0	0	0	0	0	0	0	0	0
Google I/O	733008840510279680	1	0	0	1	0	0	0	0	0
Google I/O	733009228600889345	0	0	1	0	0	0	0	0	0
Google I/O	733011658197454848	0	0	1	0	0	0	0	0	0
Google I/O	733012164643069956	0	0	0	1	0	0	0	0	0
Lenovo Tech World	740391119461056512	0	0	1	0	0	0	0	0	0
Lenovo Tech World	740477591266693120	0	0	1	0	0	0	0	0	0
Lenovo Tech World	740532586393526272	0	0	1	0	0	0	0	0	0
Lenovo Tech World	740576632797290496	1	0	1	0	0	0	0	0	0
Lenovo Tech World	740618404198027265	1	0	1	0	0	0	0	0	0
Lenovo Tech World	740644242339434497	0	0	0	0	0	0	0	0	0
Lenovo Tech World	740676033146421248	1	0	1	0	0	0	0	0	0
Lenovo Tech World	740727485310992384	0	0	0	1	0	0	0	0	0
Lenovo Tech World	740751030279909376	0	0	1	0	0	0	0	0	0
Lenovo Tech World	740819322143137796	0	0	0	0	0	0	0	0	0
Lenovo Tech World	740897569304383488	0	0	0	1	0	0	0	0	0
Lenovo Tech World	740899276738289664	0	0	0	0	0	0	0	0	0
Lenovo Tech World	740904247152148480	0	0	0	1	0	0	0	0	0
Lenovo Tech World	740915241467318276	0	0	0	1	0	0	0	0	0
Lenovo Tech World	740918019795226625	0	0	0	1	0	0	0	0	0
Lenovo Tech World	740924423591452673	0	0	0	1	0	0	0	0	0
Lenovo Tech World	740924579200126976	0	0	0	0	0	0	0	0	0
Lenovo Tech World	740940151803678720	0	0	0	1	0	0	0	0	0
Lenovo Tech World	740940160930435072	0	0	1	0	0	0	0	0	0
Lenovo Tech World	740941834239639552	0	0	0	0	0	0	0	0	0
Lenovo Tech World	740945783650983936	0	0	0	0	0	0	0	0	0
Lenovo Tech World	740951691894398976	1	0	1	0	0	0	0	0	0
Lenovo Tech World	740951776459792385	0	0	0	0	0	0	0	0	0
Lenovo Tech World	740952257731002369	1	0	0	0	0	0	0	0	0
Lenovo Tech World	740952358897602562	0	0	0	0	0	0	0	0	0
Lenovo Tech World	740955410891444224	1	0	0	0	0	0	0	0	0
Lenovo Tech World	740955511625940992	0	0	0	1	0	0	0	0	0
Lenovo Tech World	740955902040113153	1	0	0	1	0	0	0	0	0
Lenovo Tech World	740958385722384384	1	0	0	1	0	0	0	0	0
Lenovo Tech World	740958397772800004	0	0	0	1	0	0	0	0	0
Lenovo Tech World	740959514229280768	0	0	0	1	0	0	0	0	0
Lenovo Tech World	740959608596992000	1	0	0	0	0	0	0	0	0
Lenovo Tech World	740960734658564096	0	0	0	1	0	0	0	0	0
Lenovo Tech World	740961179397414912	1	0	1	0	0	0	0	0	0
Lenovo Tech World	740962011530461185	1	0	1	0	0	0	0	0	0
Lenovo Tech World	740962153167880192	0	0	0	0	0	0	0	0	0
Lenovo Tech World	740963426298531840	0	0	0	1	0	0	0	0	0
Lenovo Tech World	740963783217012736	1	0	1	0	0	0	0	0	0
Lenovo Tech World	740964282477613057	0	0	0	0	0	0	0	0	0
Lenovo Tech World	740964362530258945	0	0	0	0	0	0	0	0	0
Lenovo Tech World	740965101893779456	1	0	0	1	0	0	0	0	0
Lenovo Tech World	740965155467583488	0	0	0	1	0	0	0	0	0
Lenovo Tech World	740965802078314496	1	0	1	0	0	0	0	0	0
Lenovo Tech World	740965812714897409	0	0	0	1	0	0	0	0	0
Lenovo Tech World	740968117745156096	0	0	0	0	0	0	0	0	1
Lenovo Tech World	740968518405890048	0	0	0	1	0	0	0	0	0
Lenovo Tech World	740968683208511490	0	0	0	1	0	0	0	0	0
Lenovo Tech World	740971059869011973	0	0	1	0	0	0	0	0	0
Lenovo Tech World	740971159966121984	0	0	0	0	0	0	0	0	0
Lenovo Tech World	740972435978080256	0	0	0	1	0	0	0	0	0
Lenovo Tech World	740972467938820096	0	0	0	1	0	0	0	0	0
Lenovo Tech World	740973024325697536	1	0	0	0	0	0	0	0	0
Lenovo Tech World	740973053262209027	0	0	1	1	0	0	0	0	0
Lenovo Tech World	740973888834768897	1	0	1	0	0	0	0	0	0
Lenovo Tech World	740974038026047488	0	0	0	1	0	0	0	0	0
Lenovo Tech World	740974761904353280	0	0	1	0	0	0	0	0	0
Lenovo Tech World	740974779671453696	0	0	1	0	0	0	0	0	0
Lenovo Tech World	740976117364842496	0	0	0	1	0	0	0	0	0
Lenovo Tech World	740976175116255233	1	0	0	0	0	0	0	0	0
Lenovo Tech World	740977899994513408	0	0	0	1	0	0	0	0	0
Lenovo Tech World	740979631449374721	1	0	1	0	0	0	0	0	0
Lenovo Tech World	740991914179072000	0	0	0	0	0	0	0	0	0
Lenovo Tech World	740999037642493952	0	0	1	0	0	0	0	0	0
Lenovo Tech World	741001212015706113	0	0	0	0	0	0	0	0	0
Lenovo Tech World	741023206954373120	0	0	0	0	0	0	0	0	0
Lenovo Tech World	741027712769228800	1	0	0	0	0	0	0	0	0
Lenovo Tech World	741032004519493632	1	0	0	0	0	0	0	0	0
Lenovo Tech World	741042257055256576	1	0	0	1	0	0	0	0	0
Lenovo Tech World	741044593521745921	0	0	1	0	0	0	0	0	0
Lenovo Tech World	741052155566510080	0	0	1	0	0	0	0	0	0
Lenovo Tech World	741073143314403328	0	0	0	0	0	0	0	0	0
Monaco Grand Prix	736450028919742468	0	0	0	0	0	0	0	0	0
Monaco Grand Prix	736516119104737280	1	0	0	0	0	0	0	0	0
Monaco Grand Prix	736531623001329664	0	0	0	0	0	0	0	0	0
Monaco Grand Prix	736531668866084864	1	0	0	0	0	0	0	0	0
Monaco Grand Prix	736542209059770368	0	0	0	0	0	0	0	0	0
Monaco Grand Prix	736542278064345088	1	0	0	1	0	0	0	0	0
Monaco Grand Prix	736542366119530496	1	0	0	0	0	0	0	0	0
Monaco Grand Prix	736543529896443904	1	0	0	0	0	0	0	0	0
Monaco Grand Prix	736545276232634368	1	0	0	0	0	0	0	0	0
Monaco Grand Prix	736545329282043906	1	0	0	0	0	0	0	0	0
Monaco Grand Prix	736545427999367168	1	0	0	0	0	0	0	0	0
Monaco Grand Prix	736545461289558016	0	0	0	1	0	0	0	0	0
Monaco Grand Prix	736545529107189760	1	0	0	0	0	0	0	0	0
Monaco Grand Prix	736545637286739968	0	0	0	1	0	0	0	0	0
Monaco Grand Prix	736547010556395520	1	0	0	0	0	0	0	0	0
Monaco Grand Prix	736574486418358273	0	0	0	0	0	0	0	0	0
Monaco Grand Prix	736581716735885316	1	0	0	1	0	0	0	0	0
Monaco Grand Prix	736853721489907712	0	0	0	1	0	0	0	0	0
Monaco Grand Prix	736855628254175233	0	0	0	0	0	0	0	0	0
Monaco Grand Prix	736876183388889088	0	1	0	0	0	0	0	0	0
Monaco Grand Prix	736886593668014080	0	0	0	0	0	0	0	0	0
Monaco Grand Prix	736886618905157634	0	0	0	1	0	0	0	0	0
Monaco Grand Prix	736887593682542592	1	0	0	1	0	0	0	0	0
Monaco Grand Prix	736889916530036736	1	0	0	0	0	0	0	0	0
Monaco Grand Prix	736891654569873408	1	0	0	1	0	0	0	0	0
Monaco Grand Prix	736891702611456000	0	0	0	1	0	0	0	0	0
Monaco Grand Prix	736892919752327168	0	0	0	0	0	0	0	0	0
Monaco Grand Prix	736893002543665152	0	0	0	0	0	0	0	0	0
Monaco Grand Prix	736893415296798720	1	0	0	0	0	0	0	0	0
Monaco Grand Prix	736895898769338368	0	0	0	1	0	0	0	0	0
Monaco Grand Prix	736895908776968193	1	0	0	0	0	0	0	0	0
Monaco Grand Prix	736895922051911680	1	0	0	0	0	0	0	0	0
Monaco Grand Prix	736897464175890432	0	0	0	1	0	0	0	0	0
Monaco Grand Prix	736897604974444544	1	0	0	1	0	0	0	0	0
Monaco Grand Prix	736899913976586240	1	0	0	1	0	0	0	0	0
Monaco Grand Prix	736900028258783236	0	0	0	1	0	0	0	0	0
Monaco Grand Prix	736900028749479936	0	0	0	0	0	0	0	0	0
Monaco Grand Prix	736903337413644288	0	0	0	1	0	0	0	0	0
Monaco Grand Prix	736904076240297984	1	0	0	1	0	0	0	0	0
Monaco Grand Prix	736904105151451136	1	0	0	1	0	0	0	0	0
Monaco Grand Prix	736904169278296064	0	0	0	1	0	0	0	0	0
Monaco Grand Prix	736904257711026176	0	0	0	1	0	0	0	0	0
Monaco Grand Prix	736904408915677184	0	0	0	1	0	0	0	0	0
Monaco Grand Prix	736905187873435649	0	0	0	0	0	0	0	0	0
Monaco Grand Prix	736906033373777920	1	0	0	1	0	0	0	0	0
Monaco Grand Prix	736906112268685312	0	0	0	1	0	0	0	0	0
Monaco Grand Prix	736910482922176512	0	0	0	0	0	0	0	0	0
Monaco Grand Prix	736910500143857664	1	0	0	0	0	0	0	0	0
Monaco Grand Prix	736914091747446785	1	0	0	0	0	0	0	0	0
Monaco Grand Prix	736916652823089152	1	0	0	0	0	0	0	0	0
Monaco Grand Prix	736917378139869184	0	0	0	0	0	0	0	0	0
Monaco Grand Prix	736917499560775680	1	0	0	0	0	0	0	0	0
Monaco Grand Prix	736918534689816578	1	0	0	0	0	0	0	0	0
Monaco Grand Prix	736918600871759875	1	0	0	0	0	0	0	0	0
Monaco Grand Prix	736919426407276544	0	0	0	1	0	0	0	0	0
Monaco Grand Prix	736919497194524672	1	0	0	0	0	0	0	0	0
Monaco Grand Prix	736919910798987264	0	0	0	1	0	0	0	0	0
Monaco Grand Prix	736919995175833601	1	0	0	0	0	0	0	0	0
Monaco Grand Prix	736919995754512384	1	0	0	0	0	0	0	0	0
Monaco Grand Prix	736920019431477249	1	0	0	0	0	0	0	0	0
Monaco Grand Prix	736920132061147136	1	0	1	0	0	0	0	0	0
Monaco Grand Prix	736920211484487680	1	0	0	1	0	0	0	0	0
Monaco Grand Prix	736920596987154432	0	0	0	0	0	0	0	0	0
Monaco Grand Prix	736921856112889856	0	0	0	1	0	0	0	0	0
Monaco Grand Prix	736923182758830081	0	0	0	0	0	0	0	0	0
Monaco Grand Prix	736923599118819328	0	0	0	0	1	0	0	0	0
Monaco Grand Prix	736923818623655937	1	0	0	0	1	0	0	0	0
Monaco Grand Prix	736924725176377348	0	0	0	0	0	0	0	0	0
Monaco Grand Prix	736925115607179265	0	0	0	0	0	0	0	0	0
Monaco Grand Prix	736927933944745984	0	0	0	0	0	0	0	0	0
Monaco Grand Prix	736929729824075777	0	0	0	1	0	0	0	0	0
Monaco Grand Prix	736936148556259328	0	0	0	0	0	0	0	0	0
Monaco Grand Prix	736955880462241792	1	0	0	1	0	0	0	0	0
Monaco Grand Prix	736961764798140416	1	0	0	1	0	0	0	0	0
Monaco Grand Prix	736964629679706113	1	0	0	0	0	0	0	0	0
NBA Playoffs Finals Game 7	744424769660026880	1	0	0	1	0	0	0	0	0
NBA Playoffs Finals Game 7	744644660954423297	0	0	0	0	0	0	0	0	0
NBA Playoffs Finals Game 7	744683963457769478	0	0	0	0	0	0	0	0	0
NBA Playoffs Finals Game 7	744684007682564096	0	0	0	1	0	0	0	0	0
NBA Playoffs Finals Game 7	744684038951165952	0	0	0	1	0	0	0	0	0
NBA Playoffs Finals Game 7	744689365213908992	0	0	0	1	0	0	0	0	0
NBA Playoffs Finals Game 7	744690318155587585	0	0	0	1	0	0	0	0	0
NBA Playoffs Finals Game 7	744694788272775168	0	0	0	0	0	0	0	0	0
NBA Playoffs Finals Game 7	744695879760699392	0	0	0	1	0	0	0	0	0
NBA Playoffs Finals Game 7	744695890858938368	0	0	0	1	0	0	0	0	0
NBA Playoffs Finals Game 7	744696150125477888	1	0	0	0	0	0	0	0	0
NBA Playoffs Finals Game 7	744696176373542916	0	0	0	1	0	0	0	0	0
NBA Playoffs Finals Game 7	744696244912611329	0	0	0	1	0	0	0	0	0
NBA Playoffs Finals Game 7	744697316318208000	0	0	0	0	0	0	0	0	0
NBA Playoffs Finals Game 7	744697452339560449	0	0	0	1	0	0	0	0	0
NBA Playoffs Finals Game 7	744697490063003648	1	0	0	1	0	0	0	0	0
NBA Playoffs Finals Game 7	744698904713662464	0	0	0	1	0	0	0	0	0
NBA Playoffs Finals Game 7	744698960858742784	0	0	0	1	0	0	0	0	0
NBA Playoffs Finals Game 7	744699361666424837	0	0	0	1	0	0	0	0	0
NBA Playoffs Finals Game 7	744699513240170497	1	0	0	0	0	0	0	0	0
NBA Playoffs Finals Game 7	744699815972462592	0	0	0	0	0	0	0	0	0
NBA Playoffs Finals Game 7	744704675300147200	1	0	0	0	0	0	0	0	0
NBA Playoffs Finals Game 7	744704683697045504	0	0	0	1	0	0	0	0	0
NBA Playoffs Finals Game 7	744705879216390145	0	0	0	1	0	0	0	0	0
NBA Playoffs Finals Game 7	744705945339592705	0	0	0	1	0	0	0	0	0
NBA Playoffs Finals Game 7	744706031775793152	0	0	0	0	0	0	0	0	0
NBA Playoffs Finals Game 7	744706518944100352	0	0	0	1	0	0	0	0	0
NBA Playoffs Finals Game 7	744708176201809920	0	0	0	1	0	0	0	0	0
NBA Playoffs Finals Game 7	744708273304125441	0	0	0	1	0	0	0	0	0
NBA Playoffs Finals Game 7	744708316157337604	0	0	0	1	0	0	0	0	0
NBA Playoffs Finals Game 7	744710400420130816	1	0	0	0	0	0	0	0	0
NBA Playoffs Finals Game 7	744710424176713728	0	0	0	1	0	0	0	0	0
NBA Playoffs Finals Game 7	744711488447873024	0	0	0	1	0	0	0	0	0
NBA Playoffs Finals Game 7	744711519410216964	1	0	0	0	0	0	0	0	0
NBA Playoffs Finals Game 7	744711723265982464	0	0	0	0	0	0	0	0	0
NBA Playoffs Finals Game 7	744711780652318720	1	0	0	1	0	0	0	0	0
NBA Playoffs Finals Game 7	744713641744793600	0	0	0	1	0	0	0	0	0
NBA Playoffs Finals Game 7	744713726562082816	0	0	0	0	0	0	0	0	0
NBA Playoffs Finals Game 7	744713812918603777	0	0	0	1	0	0	0	0	0
NBA Playoffs Finals Game 7	744715279960150016	0	0	0	1	0	0	0	0	0
NBA Playoffs Finals Game 7	744715327070736386	1	0	0	0	0	0	0	0	0
NBA Playoffs Finals Game 7	744715571472769026	0	0	0	1	0	0	0	0	0
NBA Playoffs Finals Game 7	744716977793425408	0	0	0	1	0	0	0	0	0
NBA Playoffs Finals Game 7	744717005970935810	0	0	0	1	0	0	0	0	0
NBA Playoffs Finals Game 7	744717855095042048	0	0	0	0	0	0	0	0	0
NBA Playoffs Finals Game 7	744717904852172800	1	1	0	0	0	0	0	0	0
NBA Playoffs Finals Game 7	744718746904723456	0	0	0	1	0	0	0	0	0
NBA Playoffs Finals Game 7	744718841528254465	0	0	0	1	0	0	0	0	0
NBA Playoffs Finals Game 7	744718897694261248	0	0	0	0	0	0	0	0	0
NBA Playoffs Finals Game 7	744719033442807808	0	0	0	0	0	0	0	0	0
NBA Playoffs Finals Game 7	744719083988467712	0	0	0	1	0	0	0	0	0
NBA Playoffs Finals Game 7	744719344437862400	0	0	0	1	0	0	0	0	0
NBA Playoffs Finals Game 7	744719768809177088	1	0	0	1	0	0	0	0	0
NBA Playoffs Finals Game 7	744719778904834049	0	0	0	1	0	0	0	0	0
NBA Playoffs Finals Game 7	744719819833024513	0	0	0	1	0	0	1	0	0
NBA Playoffs Finals Game 7	744719920060108801	1	0	0	1	0	0	0	0	0
NBA Playoffs Finals Game 7	744720007511347209	0	0	0	0	0	0	0	0	0
NBA Playoffs Finals Game 7	744720493715066881	0	0	0	0	0	0	0	0	0
NBA Playoffs Finals Game 7	744720675001217024	1	0	0	0	0	0	0	0	0
NBA Playoffs Finals Game 7	744720851262570501	0	0	1	0	0	0	0	0	0
NBA Playoffs Finals Game 7	744720891372670976	0	0	0	0	0	0	0	0	0
NBA Playoffs Finals Game 7	744720901908791296	0	0	0	0	0	0	0	0	0
NBA Playoffs Finals Game 7	744720908820979713	1	0	0	0	0	0	0	0	0
NBA Playoffs Finals Game 7	744720996381364227	1	0	0	0	0	0	0	0	0
NBA Playoffs Finals Game 7	744721229676896261	1	0	0	1	0	0	0	0	0
NBA Playoffs Finals Game 7	744721331636178945	1	0	0	1	0	0	0	0	0
NBA Playoffs Finals Game 7	744721374120452097	1	0	0	0	0	0	0	0	0
NBA Playoffs Finals Game 7	744721488109010945	0	0	0	1	0	0	0	0	0
NBA Playoffs Finals Game 7	744721694477135875	1	0	0	0	0	0	0	0	0
NBA Playoffs Finals Game 7	744722798170488833	0	0	0	1	0	0	0	0	0
NBA Playoffs Finals Game 7	744723715372494849	0	0	0	0	0	0	0	0	0
NBA Playoffs Finals Game 7	744724150678396928	1	0	0	1	0	0	0	0	0
NBA Playoffs Finals Game 7	744724489351507968	0	0	1	0	0	0	0	0	0
NBA Playoffs Finals Game 7	744724552173903872	0	0	0	0	0	0	0	0	0
NBA Playoffs Finals Game 7	744724558154969089	1	0	0	0	0	0	0	0	0
NBA Playoffs Finals Game 7	744724680506892288	0	0	0	0	0	0	0	0	0
NBA Playoffs Finals Game 7	744725026503536640	0	0	0	1	0	0	0	0	0
NBA Playoffs Finals Game 7	744727171718062080	1	0	0	0	0	0	0	0	0
NBA Playoffs Finals Game 7	744731787696431104	1	0	0	0	0	0	0	0	0
NBA Playoffs Finals Game 7	744733442391179268	0	0	0	0	0	0	0	0	0
NBA Playoffs Finals Game 7	744736233524387840	0	0	0	0	0	0	0	0	0
NBA Playoffs Finals Game 7	744738620729286656	0	0	0	0	0	0	0	0	0
NBA Playoffs Finals Game 7	744747537169526784	1	0	0	0	0	0	0	0	0
NBA Playoffs Finals Game 7	744765536572215297	0	0	0	1	0	0	0	0	0
NBA Playoffs Finals Game 7	744799397200879617	1	0	0	0	0	0	0	0	0
Recode Code Conference	737806857754968064	0	0	0	1	0	0	0	0	0
Recode Code Conference	737817617503649793	0	0	1	0	0	0	0	0	0
Recode Code Conference	737818382934806528	0	0	0	1	0	0	0	0	0
Recode Code Conference	737820922241945601	0	0	0	1	0	0	0	0	0
Recode Code Conference	737823703447130112	0	0	0	0	1	0	0	0	0
Recode Code Conference	737824127692636160	0	0	0	0	0	0	0	0	0
Recode Code Conference	737824671127605248	1	0	0	1	1	0	0	0	0
Recode Code Conference	737825314462654464	0	0	0	0	0	0	0	0	0
Recode Code Conference	737827249731178496	0	0	0	0	1	0	0	0	0
Recode Code Conference	737829289517830145	0	0	0	1	0	0	0	0	0
Recode Code Conference	737829631319887872	0	0	0	0	0	0	0	0	0
Recode Code Conference	737832108828151808	1	0	0	0	0	0	0	0	0
Recode Code Conference	737832247361818625	0	0	0	1	0	0	0	0	0
Recode Code Conference	737833598443610113	0	0	0	0	0	0	0	0	1
Recode Code Conference	737835956204535808	0	0	1	0	0	0	0	0	0
Recode Code Conference	737836111876128768	0	0	0	0	0	0	0	0	1
Recode Code Conference	737836206659010560	0	0	1	0	0	0	0	0	0
Recode Code Conference	737844167745798146	0	0	0	0	0	0	0	0	1
Recode Code Conference	737844327850770432	0	0	1	0	0	0	0	0	0
Recode Code Conference	737844379398725632	0	0	1	0	0	0	0	0	0
Recode Code Conference	737844556901851138	0	0	0	0	0	0	0	0	1
Recode Code Conference	737853041903210496	0	0	0	0	1	0	0	0	0
Recode Code Conference	737890051053498369	0	0	0	0	0	0	0	0	0
Recode Code Conference	738046228382896129	1	0	0	0	0	0	0	0	0
Recode Code Conference	738046235999797249	0	0	0	0	1	0	0	0	0
Recode Code Conference	738047072625033217	0	0	1	0	0	0	0	0	0
Recode Code Conference	738051671264108547	0	0	0	1	0	0	0	0	0
Recode Code Conference	738052228880044035	0	0	0	0	0	0	0	0	0
Recode Code Conference	738055482200449024	0	0	0	1	0	0	0	0	0
Recode Code Conference	738056290845491200	0	0	0	0	0	0	0	0	0
Recode Code Conference	738073388430852097	0	0	0	0	0	0	0	0	0
Recode Code Conference	738075227280838657	0	0	0	0	0	0	0	0	0
Recode Code Conference	738077591870025728	1	0	0	0	0	0	0	0	0
Recode Code Conference	738078735988068352	0	0	1	0	0	0	0	0	0
Recode Code Conference	738081288821821440	0	0	0	0	0	0	0	0	0
Recode Code Conference	738083068863520768	0	0	0	1	0	0	0	0	0
Recode Code Conference	738084953309728768	1	0	0	0	0	0	0	0	0
Recode Code Conference	738085911955660800	0	0	0	1	0	0	0	0	0
Recode Code Conference	738086743866499072	0	0	0	0	0	0	0	0	0
Recode Code Conference	738086814762684417	0	0	0	1	0	0	0	0	0
Recode Code Conference	738089318195986432	0	0	0	0	0	0	0	0	0
Recode Code Conference	738089623885209603	0	0	0	1	0	0	0	0	0
Recode Code Conference	738091075596881920	0	0	0	1	0	0	0	0	0
Recode Code Conference	738091891821039617	0	0	0	1	0	0	0	0	0
Recode Code Conference	738111651715682304	0	0	0	0	0	0	0	0	0
Recode Code Conference	738117877622964225	0	0	0	1	0	0	0	0	0
Recode Code Conference	738190434917195776	0	0	0	1	0	0	0	0	0
Recode Code Conference	738223850467397632	1	0	0	1	0	0	0	0	0
Recode Code Conference	738224431559004160	1	0	0	0	0	0	0	0	0
Recode Code Conference	738226676597821441	0	0	0	0	0	0	0	0	0
Recode Code Conference	738229183071932416	0	0	0	0	1	0	0	0	0
Recode Code Conference	738231003748016129	0	0	0	0	1	0	0	0	0
Recode Code Conference	738235183929790465	0	0	0	0	1	0	0	0	0
Recode Code Conference	738237553736716289	0	0	0	0	1	0	0	0	0
Recode Code Conference	738239443417595904	0	0	0	0	0	0	0	0	0
Recode Code Conference	738242400745721856	0	0	0	1	0	0	0	0	0
Recode Code Conference	738391982280695808	0	0	0	1	0	0	0	0	0
Recode Code Conference	738412265326530561	0	0	0	0	0	0	0	0	0
Recode Code Conference	738419320515133441	0	0	0	1	0	0	0	0	0
Recode Code Conference	738459206832001029	0	0	0	1	0	0	0	0	0
Recode Code Conference	738481579714973696	0	0	0	0	0	0	0	0	0
Stanley Cup Playoffs Final Game 7	742046316025548801	0	0	0	0	0	0	0	0	0
Stanley Cup Playoffs Final Game 7	742148328994025472	0	0	0	1	0	0	0	0	0
Stanley Cup Playoffs Final Game 7	742148461630357504	0	0	0	1	0	0	0	0	0
Stanley Cup Playoffs Final Game 7	742149310939299840	1	0	0	1	0	0	0	0	0
Stanley Cup Playoffs Final Game 7	742149356086824960	0	0	0	1	0	0	0	0	0
Stanley Cup Playoffs Final Game 7	742149409601904640	0	0	0	1	0	0	0	0	0
Stanley Cup Playoffs Final Game 7	742149755661393920	1	0	1	0	0	0	0	0	0
Stanley Cup Playoffs Final Game 7	742149779925422080	0	0	0	0	0	0	0	0	0
Stanley Cup Playoffs Final Game 7	742153680300957696	0	0	0	0	0	0	0	0	0
Stanley Cup Playoffs Final Game 7	742153704351125504	0	0	0	1	0	0	0	0	0
Stanley Cup Playoffs Final Game 7	742155399684460544	0	0	0	1	0	0	0	0	0
Stanley Cup Playoffs Final Game 7	742157047928606720	0	0	0	1	0	0	0	0	0
Stanley Cup Playoffs Final Game 7	742157090572013569	0	0	0	1	0	0	0	0	0
Stanley Cup Playoffs Final Game 7	742157114005590016	0	0	0	1	0	0	0	0	0
Stanley Cup Playoffs Final Game 7	742158593420562432	1	0	0	0	0	0	0	0	0
Stanley Cup Playoffs Final Game 7	742165514122723329	1	0	0	1	0	0	0	0	0
Stanley Cup Playoffs Final Game 7	742165519965519872	0	0	0	1	0	0	0	0	0
Stanley Cup Playoffs Final Game 7	742166323296227329	1	0	0	1	0	0	0	0	0
Stanley Cup Playoffs Final Game 7	742166328631394304	0	0	0	1	0	0	0	0	0
Stanley Cup Playoffs Final Game 7	742166505677328384	1	0	0	0	0	0	0	0	0
Stanley Cup Playoffs Final Game 7	742166567769739264	1	0	0	0	0	0	0	0	0
Stanley Cup Playoffs Final Game 7	742166861358505986	1	0	0	0	0	0	0	0	0
Stanley Cup Playoffs Final Game 7	742166931654991873	1	0	0	0	0	0	0	0	0
Stanley Cup Playoffs Final Game 7	742170484477808640	0	0	0	1	0	0	0	0	0
Stanley Cup Playoffs Final Game 7	742170615356874754	0	0	0	1	0	0	0	0	0
Stanley Cup Playoffs Final Game 7	742170689231282176	1	0	0	1	0	0	0	0	0
Stanley Cup Playoffs Final Game 7	742173132694425600	0	0	0	1	0	0	0	0	0
Stanley Cup Playoffs Final Game 7	742173136813215744	0	0	0	1	0	0	0	0	0
Stanley Cup Playoffs Final Game 7	742177523488968704	0	0	0	1	0	0	0	0	0
Stanley Cup Playoffs Final Game 7	742177569877962752	1	0	0	0	0	0	0	0	0
Stanley Cup Playoffs Final Game 7	742177609644003328	0	0	0	1	0	0	0	0	0
Stanley Cup Playoffs Final Game 7	742179441888071680	0	0	0	1	0	0	0	0	0
Stanley Cup Playoffs Final Game 7	742179602777264129	1	0	0	1	0	0	0	0	0
Stanley Cup Playoffs Final Game 7	742179647765413889	0	0	0	1	0	0	0	0	0
Stanley Cup Playoffs Final Game 7	742180971114598401	0	0	0	1	0	0	0	0	0
Stanley Cup Playoffs Final Game 7	742181622146031616	0	0	0	1	0	0	0	0	0
Stanley Cup Playoffs Final Game 7	742181678681034752	0	0	0	0	0	0	0	0	0
Stanley Cup Playoffs Final Game 7	742182754918367232	0	0	0	1	0	0	0	0	0
Stanley Cup Playoffs Final Game 7	742183235736752128	0	0	0	1	0	0	0	0	0
Stanley Cup Playoffs Final Game 7	742183243353579520	0	0	0	1	0	0	1	0	0
Stanley Cup Playoffs Final Game 7	742183335770914816	0	0	0	1	0	0	0	0	0
Stanley Cup Playoffs Final Game 7	742183980905029632	0	0	0	1	0	0	0	0	0
Stanley Cup Playoffs Final Game 7	742184044629090304	1	0	0	1	0	0	0	0	0
Stanley Cup Playoffs Final Game 7	742184178532286464	0	0	0	1	0	0	0	0	0
Stanley Cup Playoffs Final Game 7	742185601416335361	0	0	0	0	0	0	0	0	0
Stanley Cup Playoffs Final Game 7	742185688389591041	1	0	0	1	0	0	0	0	0
Stanley Cup Playoffs Final Game 7	742185760363794432	1	0	0	0	0	0	0	0	0
Stanley Cup Playoffs Final Game 7	742185803061727232	0	0	0	1	0	0	0	0	0
Stanley Cup Playoffs Final Game 7	742186427123785729	1	0	0	1	0	0	0	0	0
Stanley Cup Playoffs Final Game 7	742186463572299777	1	0	0	0	0	0	0	0	0
Stanley Cup Playoffs Final Game 7	742186475786240000	1	0	0	0	0	0	0	0	0
Stanley Cup Playoffs Final Game 7	742186507969105920	0	0	0	1	0	0	0	0	0
Stanley Cup Playoffs Final Game 7	742186564210561024	1	0	0	0	0	0	0	0	0
Stanley Cup Playoffs Final Game 7	742187009934909441	0	0	0	1	0	0	0	0	0
Stanley Cup Playoffs Final Game 7	742187397891391488	0	0	0	1	0	0	0	0	0
Stanley Cup Playoffs Final Game 7	742187441612816384	0	0	0	0	0	0	0	0	0
Stanley Cup Playoffs Final Game 7	742188336597467137	1	0	0	1	0	0	0	0	0
Stanley Cup Playoffs Final Game 7	742188339042750464	0	0	0	1	0	0	0	0	0
Stanley Cup Playoffs Final Game 7	742188348131840000	1	0	0	0	0	0	0	0	0
Stanley Cup Playoffs Final Game 7	742188399021293568	0	0	0	0	0	0	0	0	0
Stanley Cup Playoffs Final Game 7	742188558090264577	0	0	0	0	0	0	0	0	0
Stanley Cup Playoffs Final Game 7	742188602621349888	0	0	0	1	0	0	0	0	0
Stanley Cup Playoffs Final Game 7	742188646539763713	0	0	0	1	0	0	0	0	0
Stanley Cup Playoffs Final Game 7	742189227102769152	0	0	0	1	0	0	0	0	0
Stanley Cup Playoffs Final Game 7	742190826126594048	0	0	0	0	0	0	0	0	0
Stanley Cup Playoffs Final Game 7	742191294919938050	1	0	0	0	0	0	0	0	0
Stanley Cup Playoffs Final Game 7	742191362100060165	0	0	0	1	0	0	0	0	0
Stanley Cup Playoffs Final Game 7	742191392777109504	0	0	0	1	0	0	0	0	0
Stanley Cup Playoffs Final Game 7	742191416445636608	1	0	0	0	0	0	0	0	0
Stanley Cup Playoffs Final Game 7	742191569097400320	0	0	0	1	0	0	0	0	0
Stanley Cup Playoffs Final Game 7	742192551159955456	0	0	0	1	0	0	0	0	0
Stanley Cup Playoffs Final Game 7	742192617706770432	0	0	0	1	0	0	0	0	0
Stanley Cup Playoffs Final Game 7	742192745033388032	1	0	0	0	0	0	0	0	0
Stanley Cup Playoffs Final Game 7	742193189461839872	1	0	0	1	0	0	0	0	0
Stanley Cup Playoffs Final Game 7	742193234118594560	0	0	0	1	0	0	0	0	0
Stanley Cup Playoffs Final Game 7	742193244038168576	0	0	0	0	0	0	0	0	0
Stanley Cup Playoffs Final Game 7	742193820004028416	0	0	0	1	0	0	0	0	0
Stanley Cup Playoffs Final Game 7	742194841933611008	1	0	0	0	0	0	0	0	0
Stanley Cup Playoffs Final Game 7	742211842349531137	0	0	0	1	0	0	0	0	0
Stanley Cup Playoffs Final Game 7	742213400323706881	0	0	0	1	0	0	0	0	0
Stanley Cup Playoffs Final Game 7	742232705652248577	0	0	0	1	0	0	0	0	0
Stanley Cup Playoffs Final Game 7	742234958169657344	0	0	0	1	0	0	0	0	0
Stanley Cup Playoffs Final Game 7	742310554786795520	1	0	0	0	0	0	0	0	0
Stanley Cup Playoffs Final Game 7	742386924539678720	1	0	0	1	0	0	0	0	0
Stanley Cup Playoffs Final Game 7	742418415047090176	1	0	0	1	0	0	0	0	0
The Next Web Conference Europe	735365916771377152	0	0	0	0	0	0	0	0	0
The Next Web Conference Europe	735374255836278784	0	0	1	0	0	0	0	0	0
The Next Web Conference Europe	735385783411036161	0	0	0	1	0	0	0	0	0
The Next Web Conference Europe	735386951960924161	1	0	0	0	0	0	0	0	0
The Next Web Conference Europe	735724496011726849	0	0	0	0	0	0	0	0	0
The Next Web Conference Europe	735739792453865472	0	0	1	0	0	0	0	0	0
The Next Web Conference Europe	735742351168012288	0	0	1	0	0	0	0	0	0
The Next Web Conference Europe	735742474681868288	0	0	0	1	0	0	0	0	0
The Next Web Conference Europe	735742591036100608	0	0	0	0	0	0	0	0	0
The Next Web Conference Europe	735743575959339008	0	0	1	0	0	0	0	0	0
The Next Web Conference Europe	735744909370478594	0	0	0	1	0	0	0	0	0
The Next Web Conference Europe	735751204068696064	0	0	0	1	0	0	0	0	0
The Next Web Conference Europe	735751276533686272	1	0	0	0	0	0	0	0	0
The Next Web Conference Europe	735752361570766849	0	0	0	1	0	0	0	0	0
The Next Web Conference Europe	735752536078983168	0	0	0	0	0	0	0	0	0
The Next Web Conference Europe	735753443118190592	0	0	0	1	0	0	0	0	0
The Next Web Conference Europe	735758263472381952	1	0	0	0	1	0	0	0	0
The Next Web Conference Europe	735759162907332608	1	0	0	0	0	0	0	0	0
The Next Web Conference Europe	735764944256303105	0	0	0	0	0	0	0	0	0
The Next Web Conference Europe	735767523166060544	0	0	0	1	0	0	0	0	0
The Next Web Conference Europe	735771097900032000	0	0	0	0	0	0	0	0	0
The Next Web Conference Europe	735771158469976067	0	0	0	1	0	0	0	0	0
The Next Web Conference Europe	735776132675424256	0	0	0	1	0	0	0	0	0
The Next Web Conference Europe	735777007229755392	0	0	0	1	0	0	0	0	0
The Next Web Conference Europe	735777080785309696	1	0	0	0	0	0	0	0	0
The Next Web Conference Europe	735779904567058432	0	0	0	1	0	0	0	0	0
The Next Web Conference Europe	735783736021770240	0	0	0	1	0	0	0	0	0
The Next Web Conference Europe	735798371420622852	0	0	0	1	0	0	0	0	0
The Next Web Conference Europe	735801337053597696	0	0	1	0	0	0	0	0	0
The Next Web Conference Europe	735810062921392128	0	0	0	0	0	0	0	0	1
The Next Web Conference Europe	735810085218357248	0	0	0	1	0	0	0	0	0
The Next Web Conference Europe	735811391395926016	1	0	1	0	0	0	0	0	0
The Next Web Conference Europe	735818751531225088	0	0	0	1	0	0	0	0	0
The Next Web Conference Europe	735819049574277120	0	0	0	1	1	0	0	0	0
The Next Web Conference Europe	735819070067597313	0	0	0	0	0	0	0	0	0
The Next Web Conference Europe	735828204804558850	0	0	1	0	0	0	0	0	0
The Next Web Conference Europe	735829088133341185	0	0	0	1	0	0	0	0	0
The Next Web Conference Europe	735832375431733248	1	0	0	0	0	0	0	0	0
The Next Web Conference Europe	735872417877360640	0	0	0	0	0	0	0	0	0
The Next Web Conference Europe	735961110076088320	0	0	0	1	0	0	0	0	0
The Next Web Conference Europe	736089153515835393	0	0	0	0	0	0	0	0	0
The Next Web Conference Europe	736103220628447232	0	0	0	1	0	0	0	0	0
The Next Web Conference Europe	736109452059906048	0	0	0	0	0	0	0	0	0
The Next Web Conference Europe	736109594330726400	0	0	1	0	0	0	0	0	0
The Next Web Conference Europe	736111932500025345	1	0	0	0	0	0	0	0	0
The Next Web Conference Europe	736112850343694336	0	0	1	0	0	0	0	0	0
The Next Web Conference Europe	736112863958437888	0	0	0	0	0	0	0	0	0
The Next Web Conference Europe	736118889936003072	0	0	0	1	0	0	0	0	0
The Next Web Conference Europe	736121321973768192	1	0	0	1	0	0	0	0	0
The Next Web Conference Europe	736127154740662272	0	0	0	0	0	0	0	0	0
The Next Web Conference Europe	736127291705720832	0	0	0	0	1	0	0	0	0
The Next Web Conference Europe	736137373533229056	0	0	0	1	0	0	0	0	0
The Next Web Conference Europe	736139947481124869	0	0	0	1	0	0	0	0	0
The Next Web Conference Europe	736142735921516544	0	0	0	0	0	0	0	0	0
The Next Web Conference Europe	736152603906740224	0	0	1	0	0	0	0	0	0
The Next Web Conference Europe	736158891663339520	1	0	0	0	0	0	0	0	0
The Next Web Conference Europe	736167679153803264	0	0	0	0	1	0	0	0	0
The Next Web Conference Europe	736172274638848000	0	0	0	0	0	0	0	0	0
The Next Web Conference Europe	736190981582770176	0	0	1	0	0	0	0	0	0
The Next Web Conference Europe	736211961470459904	0	0	0	0	0	0	0	0	0
The Next Web Conference Europe	736213899024969729	0	0	0	0	0	0	0	0	0
The Next Web Conference Europe	736214059440340992	0	0	0	0	1	0	0	0	0
The Next Web Conference Europe	736227583478665216	0	0	0	1	0	0	0	0	0
The Next Web Conference Europe	736247005274615808	0	0	0	0	0	0	0	0	0
The Next Web Conference Europe	736340559271501829	1	0	1	0	0	0	0	0	0
UEFA Champions League Final	736451591620964352	0	0	0	0	0	0	0	0	0
UEFA Champions League Final	736573077337702400	0	0	0	0	0	0	0	0	0
UEFA Champions League Final	736612288187240448	0	0	0	1	0	0	0	0	0
UEFA Champions League Final	736621895458693120	0	0	0	1	0	0	0	0	0
UEFA Champions League Final	736623100763111428	0	0	1	0	0	0	0	0	0
UEFA Champions League Final	736627539913904129	0	0	0	1	0	0	0	0	0
UEFA Champions League Final	736628071189651456	0	1	0	0	0	0	0	0	0
UEFA Champions League Final	736628100453306368	0	0	0	1	0	0	0	0	0
UEFA Champions League Final	736628620114923520	0	0	0	1	0	0	0	0	0
UEFA Champions League Final	736628695713107968	0	0	0	1	0	0	1	0	0
UEFA Champions League Final	736629426541211648	0	0	1	0	0	0	0	0	0
UEFA Champions League Final	736629437215703040	0	0	0	0	0	0	1	0	0
UEFA Champions League Final	736629557239939072	0	0	0	1	0	0	0	0	0
UEFA Champions League Final	736630389452722182	0	0	0	1	0	0	0	0	0
UEFA Champions League Final	736630447237672960	0	0	0	0	0	0	0	0	0
UEFA Champions League Final	736631684431552512	0	0	0	0	0	0	0	0	0
UEFA Champions League Final	736632067635564544	0	0	0	0	0	0	0	0	0
UEFA Champions League Final	736632090335322112	0	0	0	1	0	0	0	0	0
UEFA Champions League Final	736632257545416705	1	0	0	1	0	0	0	0	0
UEFA Champions League Final	736634305300942848	0	0	0	1	0	0	0	0	0
UEFA Champions League Final	736634431780311040	0	0	1	1	0	0	0	0	0
UEFA Champions League Final	736634506086612992	1	0	0	1	0	0	0	0	0
UEFA Champions League Final	736642295903059969	1	0	0	0	0	0	0	0	0
UEFA Champions League Final	736642400869879810	0	0	0	0	0	0	0	0	0
UEFA Champions League Final	736642625579679744	0	0	1	0	0	0	0	0	0
UEFA Champions League Final	736646848073637890	0	0	0	1	0	0	0	0	0
UEFA Champions League Final	736647117469560832	0	0	0	1	0	0	0	0	0
UEFA Champions League Final	736647183152320512	0	0	0	0	0	0	0	0	0
UEFA Champions League Final	736648746675503104	0	0	0	1	0	0	0	0	0
UEFA Champions League Final	736652821999853568	0	0	0	1	0	0	0	0	0
UEFA Champions League Final	736652991974019072	1	0	0	1	0	0	0	0	0
UEFA Champions League Final	736653612131094528	0	0	0	1	0	0	0	0	0
UEFA Champions League Final	736653722378510336	0	0	0	1	0	0	1	0	0
UEFA Champions League Final	736653729462648832	0	0	0	1	0	0	0	0	0
UEFA Champions League Final	736654836347904005	0	0	0	0	0	0	0	0	0
UEFA Champions League Final	736655039431839744	1	0	0	0	0	0	0	0	0
UEFA Champions League Final	736655149691744257	1	0	0	0	0	0	0	0	0
UEFA Champions League Final	736655307963813888	0	0	0	1	0	0	0	0	0
UEFA Champions League Final	736656300667441152	0	0	0	1	0	0	0	0	0
UEFA Champions League Final	736658774849650688	0	0	0	0	0	0	0	0	0
UEFA Champions League Final	736658813445496832	1	0	1	0	0	0	0	0	0
UEFA Champions League Final	736658835318951936	1	0	0	1	0	0	0	0	0
UEFA Champions League Final	736658840318513152	0	0	0	0	0	0	0	0	0
UEFA Champions League Final	736663904126795776	1	0	0	1	0	0	0	0	0
UEFA Champions League Final	736664074872717312	1	0	0	0	0	0	0	0	0
UEFA Champions League Final	736668820178362368	0	0	0	0	0	0	0	0	0
UEFA Champions League Final	736668832723554304	0	0	0	0	0	0	0	0	0
UEFA Champions League Final	736668848603140097	0	0	0	1	0	0	0	0	0
UEFA Champions League Final	736668872049315840	0	0	0	1	0	0	0	0	0
UEFA Champions League Final	736668891011817472	0	0	0	1	0	0	0	0	0
UEFA Champions League Final	736668951707590656	0	0	0	1	0	0	0	0	0
UEFA Champions League Final	736669195694280704	0	0	0	0	0	0	0	0	0
UEFA Champions League Final	736669464939364353	1	0	0	1	0	0	0	0	0
UEFA Champions League Final	736671910075994113	1	0	0	1	0	0	0	0	0
UEFA Champions League Final	736672041781350400	1	0	0	0	0	0	0	0	0
UEFA Champions League Final	736672155446845440	1	0	0	0	0	0	0	0	0
UEFA Champions League Final	736672816104345600	1	0	0	0	0	0	0	0	0
UEFA Champions League Final	736673030106189824	1	0	0	1	0	0	0	0	0
UEFA Champions League Final	736673281684606981	0	0	0	0	0	0	0	0	0
UEFA Champions League Final	736673875614961670	0	0	0	0	0	0	0	0	0
UEFA Champions League Final	736674218897772545	1	0	0	0	0	0	0	0	0
UEFA Champions League Final	736674412636868609	0	0	0	0	0	0	0	0	0
UEFA Champions League Final	736675576552009728	1	0	1	0	0	0	0	0	0
UEFA Champions League Final	736676613367140354	1	0	0	1	0	0	0	0	0
UEFA Champions League Final	736678406570541056	1	0	0	1	0	0	0	0	0
UEFA Champions League Final	736679967841525761	1	0	0	1	0	0	0	0	0
UEFA Champions League Final	736681714953662464	0	0	0	1	0	0	0	0	0
UEFA Champions League Final	736682341045809153	1	0	0	1	0	0	0	0	0
UEFA Champions League Final	736683324563980289	0	0	0	0	0	0	0	0	0
UEFA Champions League Final	736685672233357317	0	0	0	0	0	0	0	0	0
UEFA Champions League Final	736687496843530241	1	0	0	1	0	0	0	0	0
Xbox E3	742363400949370880	1	0	1	0	0	0	0	0	0
Xbox E3	742372000023203840	0	0	0	1	0	0	0	0	0
Xbox E3	742393895548375043	1	0	0	1	0	0	0	0	0
Xbox E3	742394048174915585	0	0	0	1	0	0	0	0	0
Xbox E3	742394087970607104	0	0	0	1	0	0	0	0	0
Xbox E3	742394230878949376	1	0	0	0	0	0	0	0	0
Xbox E3	742394279197179904	1	0	0	0	0	0	0	0	0
Xbox E3	742394384998535168	1	0	0	0	0	0	0	0	0
Xbox E3	742394541093879808	0	0	0	1	0	0	0	0	0
Xbox E3	742394665064767488	1	0	1	0	0	0	0	0	0
Xbox E3	742394754982236160	0	0	0	1	0	0	0	0	0
Xbox E3	742394849513603072	1	0	1	0	0	0	0	0	0
Xbox E3	742394874629136384	1	0	1	0	0	0	0	0	0
Xbox E3	742395050529718273	0	0	1	0	0	0	0	0	0
Xbox E3	742395608955125761	1	0	0	0	0	0	0	0	0
Xbox E3	742395634070609921	0	0	1	0	0	0	0	0	0
Xbox E3	742396246048935937	1	0	1	0	0	0	0	0	0
Xbox E3	742396875672686592	0	0	0	1	0	0	0	0	0
Xbox E3	742396897206341632	0	0	0	1	0	0	0	0	0
Xbox E3	742397179591950337	1	0	1	0	0	0	0	0	0
Xbox E3	742397285972226049	0	0	1	0	0	0	0	0	0
Xbox E3	742397354351828993	1	0	1	0	0	0	0	0	0
Xbox E3	742397634007027712	0	0	1	0	0	0	0	0	0
Xbox E3	742397789871734784	0	0	0	0	0	0	0	0	0
Xbox E3	742397840807190528	1	0	0	0	0	0	0	0	0
Xbox E3	742398253346349056	0	0	0	1	0	0	0	0	0
Xbox E3	742399146305413120	0	0	0	0	0	0	0	0	0
Xbox E3	742399313037266946	0	0	1	0	0	0	0	0	0
Xbox E3	742399369119289345	0	0	1	0	0	0	0	0	0
Xbox E3	742399867897581568	1	0	1	0	0	0	0	0	0
Xbox E3	742400949646303232	0	0	0	1	0	0	0	0	0
Xbox E3	742400977618210820	0	0	0	0	0	0	0	0	0
Xbox E3	742401190688751616	0	0	1	0	0	0	0	0	0
Xbox E3	742401693514530820	0	0	1	0	0	0	0	0	0
Xbox E3	742402281241333760	0	0	0	1	0	0	0	0	0
Xbox E3	742402525098213377	0	0	0	1	0	0	0	0	0
Xbox E3	742402557964746752	0	0	0	0	0	0	0	0	0
Xbox E3	742402650264600576	0	0	0	1	0	0	0	0	0
Xbox E3	742404585789132800	0	0	1	0	0	0	0	0	0
Xbox E3	742404617695170561	0	0	0	0	0	0	0	0	0
Xbox E3	742404623227490304	0	0	0	1	0	0	0	0	0
Xbox E3	742404859752677376	0	0	0	0	0	0	0	0	0
Xbox E3	742405799490650112	1	0	0	0	0	0	0	0	0
Xbox E3	742406462333440004	0	0	0	1	0	0	0	0	0
Xbox E3	742406549423816705	0	0	0	0	0	0	0	0	0
Xbox E3	742406651613831168	0	0	0	1	0	0	0	0	0
Xbox E3	742406971647627264	0	0	0	1	0	0	0	0	0
Xbox E3	742407012319797248	1	0	0	0	0	0	0	1	0
Xbox E3	742408604326584320	0	0	0	1	0	0	0	0	0
Xbox E3	742408775009607680	1	0	1	0	0	0	0	0	0
Xbox E3	742409201943777280	1	0	1	0	0	0	0	0	0
Xbox E3	742409246373994498	0	0	1	0	0	0	0	0	0
Xbox E3	742409313872842752	0	0	1	0	0	0	0	0	0
Xbox E3	742409443158065152	0	0	0	1	0	0	0	0	0
Xbox E3	742410050832977921	0	0	0	0	0	0	0	0	0
Xbox E3	742410094160285697	0	0	0	1	0	0	0	0	0
Xbox E3	742411075178663936	0	0	0	1	0	0	0	0	0
Xbox E3	742411221173866496	0	0	0	1	0	0	0	0	0
Xbox E3	742411400929234944	0	0	0	1	0	0	0	0	0
Xbox E3	742411666449522688	0	0	1	0	0	0	0	0	0
Xbox E3	742412556862664705	0	0	0	1	0	0	0	0	0
Xbox E3	742412633651970048	0	0	0	1	0	0	0	0	0
Xbox E3	742413261979717632	0	0	0	1	0	0	0	0	0
Xbox E3	742413348826976256	0	0	0	1	0	0	0	0	0
Xbox E3	742413887606296580	1	0	0	1	0	0	0	0	0
Xbox E3	742414128380141569	0	0	1	0	0	0	0	0	0
Xbox E3	742414880427233280	1	0	1	0	0	0	0	0	0
Xbox E3	742415118550618112	0	0	0	0	1	0	0	0	0
Xbox E3	742415126943404032	0	0	0	1	0	0	0	0	0
Xbox E3	742415323022888960	0	0	0	0	0	0	0	0	0
Xbox E3	742415353490345985	0	0	0	1	0	0	0	0	0
Xbox E3	742415353628614656	1	0	0	1	0	0	0	0	0
Xbox E3	742415869079261185	1	0	1	0	0	0	0	0	0
Xbox E3	742415953485533185	0	0	1	0	0	0	0	0	0
Xbox E3	742416040643072001	0	0	0	0	0	0	0	0	0
Xbox E3	742416140698329088	1	0	0	0	0	0	0	0	0
Xbox E3	742416676616994816	0	0	0	1	0	0	0	0	0
Xbox E3	742417070436929537	0	0	1	0	0	0	0	0	0
Xbox E3	742473326245744640	0	0	0	1	0	0	0	0	0
